function [ z ] = objective(x)

z = 2.633*x(1) + 2.356*x(2) + 2.840*x(3) + 2.840*x(4) + 4.620*x(5) + 2.423*x(6) + 2.571*x(7) + 2.423*x(8) + 3.5*x(9) + 2.785*x(10) + 2.780*x(11) + 2.356*x(12) + 2.712*x(13) + 2.572*x(14);

end

